Printing all possible paths: (65)
0 1 0
0 1 2 0
0 1 2 3 4 6 0
0 1 2 3 5 4 6 0
0 1 2 3 6 0
0 1 2 4 6 0
0 1 2 5 3 6 0
0 1 2 5 4 6 0
0 1 2 6 0
0 1 3 2 0
0 1 3 4 2 0
0 1 3 4 5 2 0
0 1 3 4 6 0
0 1 3 5 2 0
0 1 3 5 4 6 0
0 1 3 6 0
0 1 6 0
0 2 0
0 2 3 4 6 0
0 2 3 5 4 6 0
0 2 3 6 0
0 2 4 6 0
0 2 5 3 6 0
0 2 5 4 6 0
0 2 6 0
0 6 0
1 2 1
1 2 3 1
1 2 3 4 6 1
1 2 3 5 4 6 1
1 2 3 6 1
1 2 4 3 1
1 2 4 5 3 1
1 2 4 6 1
1 2 5 3 1
1 2 5 3 6 1
1 2 5 4 6 1
1 2 6 1
1 3 1
1 3 4 6 1
1 3 5 4 6 1
1 3 6 1
1 6 1
2 3 2
2 3 4 2
2 3 4 5 2
2 3 4 6 2
2 3 5 2
2 3 5 4 6 2
2 3 6 2
2 4 2
2 4 5 2
2 4 6 2
2 5 2
2 5 3 6 2
2 5 4 6 2
2 6 2
3 4 3
3 4 5 3
3 4 6 3
3 5 3
3 5 4 6 3
3 6 3
4 5 4
4 6 4
Finished
